#!/usr/bin/env python3
# -*- coding: utf-8 -*-
"""
Created on Sun Sep  1 10:46:37 2019

@author: samchristian
grbhist
"""

from matplotlib import pyplot as plt
import pandas as pd
#data = pd.read_csv(r'/Users/samchristian/Downloads/GRB_results_bootstrap1013.csv')
data2 = pd.read_csv(r'/Users/samchristian/Downloads/GRB_results_bootstrap1019.csv')
import seaborn as sns
import numpy as np
#sns.distplot(data.iloc[:, 1], kde=False)


from sklearn.metrics.pairwise import haversine_distances as haversine
print(haversine([[0, 89], [0, -89]]))
bsas = [-34.83333*np.pi/180, -58.5166646*np.pi/180]
paris = [49.0083899664*np.pi/180, 2.53844117956*np.pi/180]
result = haversine([bsas, paris])
print(result * 6371000/1000)
#plt.hist(data.iloc[:, 1])
plt.hist(data2.iloc[:, 1])
print(data2.iloc[:, 1].mode())
#print(haversine([[-1*np.pi/2+1, 0],[np.pi/2+1, 0]]))
#print(haversine([[1, 0],[np.pi+1, 0]]))










#plt.hist([29, 28, 24, 22, 24, 27, 28, 29, 24, 25, 27, 25, 24, 24, 25, 27, 25, 31, 25, 26, 22, 24, 24, 26, 28, 26, 25, 26, 26, 26, 23, 25, 23, 25, 24, 23, 23, 22, 28, 24, 27, 27, 24, 25, 26, 25, 25, 24, 25, 35, 28, 26, 22, 26, 27, 24, 21, 23, 24, 23, 26, 29, 23, 26, 23, 26, 27, 25, 27, 25, 22, 24, 24, 24, 26, 23, 26, 24, 25, 29, 23, 25, 27, 25, 26, 24, 27, 25, 24, 27, 24, 21, 28, 28, 22, 26, 27, 22, 27, 23, 29, 23, 23, 27, 23, 27, 24, 27, 25, 25, 25, 26, 26, 27, 22, 25, 29, 22, 30, 24, 29, 27, 25, 25, 24, 23, 23, 23, 30, 27, 21, 23, 27, 24, 25, 27, 24, 23, 23, 23, 26, 26, 22, 26, 27, 25, 27, 25, 26, 26, 23, 27, 25, 28, 28, 25, 25, 28, 25, 23, 26, 24, 25, 26, 24, 26, 24, 23, 28, 26, 23, 23, 23, 27, 23, 25, 28, 23, 24, 26, 24, 21, 25, 26, 29, 23, 26, 24, 23, 27, 24, 25, 27, 24, 25, 24, 24, 25, 21, 27, 25, 29, 25, 24, 28, 24, 25, 26, 25, 23, 26, 27, 27, 24, 23, 26, 24, 24, 24, 25, 24, 28, 27, 29, 23, 23, 26, 23, 24, 27, 27, 23, 23, 26, 24, 23, 28, 26, 25, 28, 26, 30, 28, 28, 26, 26, 30, 23, 26, 23, 24, 27, 24, 27, 26, 27, 25, 22, 25, 24, 24, 26, 25, 21, 24, 25, 21, 25, 23, 22, 23, 27, 24, 29, 27, 27, 23, 24, 22, 24, 25, 24, 25, 27, 26, 25, 26, 24, 22, 24, 24, 24, 26, 23, 27, 24, 23, 25, 23, 24, 28, 24, 29, 28, 24, 23, 24, 26, 27, 26, 22, 24, 22, 24, 25, 24, 22, 24, 27, 25, 25, 26, 27, 32, 24, 26, 22, 24, 26, 26, 27, 23, 22, 23, 26, 24, 27, 26, 25, 25, 24, 25, 24, 30, 22, 24, 26, 25, 23, 25, 25, 25, 25, 27, 27, 25, 26, 23, 23, 29, 24, 27, 27, 23, 25, 22, 21, 29, 27, 24, 24, 22, 25, 25, 28, 23, 26, 24, 24, 22, 24, 23, 26, 23, 25, 28, 25, 24, 24, 27, 25, 27, 25, 24, 26, 28, 25, 28, 24, 24, 23, 25, 25, 26, 25, 24, 28, 23, 25, 24, 23, 25, 28, 22, 25, 25, 23, 24, 24, 27, 26, 24, 30, 27, 24, 22, 25, 25, 25, 23, 25, 22, 29, 27, 25, 28, 27, 22, 26, 24, 25, 22, 23, 27, 28, 25, 24, 25, 26, 27, 26, 24, 25, 25, 27, 25, 26, 24, 26, 27, 30, 24, 29, 28, 28, 24, 30, 21, 28, 26, 25, 23, 24, 27, 23, 23, 24, 28, 30, 26, 25, 23, 25, 22, 24, 26, 26, 24, 25, 26, 24, 28, 27, 26, 31, 23, 27, 23, 29, 24, 27, 31, 25, 26, 25, 23, 24, 25, 25, 28, 26, 24, 24, 24, 24, 25, 27, 21, 23, 24, 28, 26, 24, 24, 23, 27, 24, 25, 23, 21, 26, 24, 24, 28, 26, 25, 23, 26, 25, 32, 26, 27, 24, 24, 24, 25, 22, 25, 26, 25, 24, 27, 27, 26, 24, 22, 23, 26, 26, 25, 27, 27, 26, 21, 27, 23, 26, 27, 26, 29, 26, 21, 29, 25, 25, 29, 28, 24, 22, 22, 23, 29, 23, 27, 23, 22, 25, 24, 25, 25, 23, 25, 28, 25, 27, 23, 25, 29, 28, 25, 23, 28, 28, 25, 23, 24, 27, 24, 24, 22, 27, 26, 25, 24, 25, 24, 25, 29, 25, 20, 26, 22, 24, 25, 21, 25, 24, 26, 23, 22, 28, 25, 25, 29, 24, 29, 22, 28, 24, 27, 24, 26, 27, 27, 24, 25, 26, 23, 22, 27, 24, 25, 24, 23, 24, 25, 23, 27, 24, 25, 23, 25, 25, 27, 23, 25, 27, 24, 28, 27, 23, 25, 26, 27, 25, 29, 24, 24, 26, 27, 27, 24, 25, 23, 24, 25, 23, 25, 24, 24, 30, 23, 26, 25, 26, 25, 24, 29, 25, 27, 24, 26, 26, 30, 28, 26, 25, 22, 25, 27, 29, 25, 22, 24, 28, 25, 22, 28, 27, 28, 23, 27, 23, 24, 27, 24, 26, 22, 29, 24, 25, 24, 27, 26, 26, 26, 27, 23, 24, 24, 28, 27, 23, 26, 27, 27, 24, 23, 27, 27, 26, 25, 22, 25, 25, 28, 26, 24, 25, 26, 24, 22, 25, 25, 28, 26, 23, 27, 28, 26, 24, 23, 24, 25, 24, 22, 26, 25, 23, 26, 24, 24, 26, 23, 27, 28, 23, 24, 25, 26, 22, 28, 23, 29, 24, 22, 23, 24, 28, 25, 25, 22, 24, 29, 23, 29, 22, 24, 27, 27, 25, 26, 28, 27, 26, 24, 26, 27, 24, 24, 24, 24, 23, 26, 25, 25, 25, 27, 25, 26, 24, 24, 28, 26, 23, 23, 22, 27, 29, 26, 28, 23, 29, 27, 27, 26, 23, 26, 24, 27, 26, 29, 26, 20, 24, 27, 23, 26, 22, 23, 30, 23, 25, 28, 29, 27, 22, 24, 25, 26, 25, 23, 24, 25, 23, 29, 26, 29, 25, 22, 30, 23, 25, 24, 28, 23, 23, 25, 26, 28, 22, 24, 23, 22, 23, 26, 26, 23, 23, 24, 27, 24, 28, 22, 23, 26, 28, 30, 26, 26, 26, 23, 29, 25, 28, 22, 29, 21, 22, 26, 27, 25, 26, 23, 25, 25, 22, 31, 25, 24, 25, 24, 24, 25, 26, 25, 23, 26, 23, 25, 29, 28, 26, 21, 28, 23, 25, 29, 24, 22, 28, 26, 24, 23, 24, 28, 25, 28, 22, 25, 27, 28, 28, 25, 25, 24, 24, 26, 25, 22, 29, 23, 29, 25, 26, 29, 24, 24, 27, 25, 24, 29, 22, 28, 27, 25, 23, 32, 23, 28, 29, 24, 24, 25, 24, 25, 30, 23, 27, 26])